1.000167;0.001249
0.994034;0.002942
0.983380;0.005847
0.971002;0.009162
0.957187;0.012788
0.942367;0.016592
0.926940;0.020459
0.911176;0.024314
0.895229;0.028115
0.879180;0.031842
0.863070;0.035485
0.846917;0.039040
0.830733;0.042504
0.814524;0.045876
0.798293;0.049157
0.782042;0.052344
0.765774;0.055438
0.749490;0.058438
0.733193;0.061345
0.716883;0.064156
0.700561;0.066871
0.684230;0.069490
0.667891;0.072012
0.651544;0.074435
0.635193;0.076758
0.618840;0.078980
0.602485;0.081099
0.586131;0.083114
0.569778;0.085023
0.553430;0.086824
0.537087;0.088515
0.520752;0.090094
0.504429;0.091558
0.488120;0.092906
0.471829;0.094133
0.455565;0.095239
0.439339;0.096217
0.423172;0.097068
0.407116;0.097783
0.391215;0.098338
0.375454;0.098705
0.359785;0.098872
0.344178;0.098839
0.328627;0.098602
0.313129;0.098160
0.297689;0.097508
0.282311;0.096643
0.267003;0.095561
0.251776;0.094258
0.236639;0.092730
0.221603;0.090973
0.206685;0.088984
0.191903;0.086757
0.177278;0.084291
0.162841;0.081583
0.148628;0.078632
0.134688;0.075442
0.121089;0.072022
0.107921;0.068391
0.095303;0.064583
0.083375;0.060646
0.072294;0.056652
0.062197;0.052683
0.053174;0.048818
0.045241;0.045122
0.038346;0.041632
0.032390;0.038361
0.027255;0.035301
0.022820;0.032433
0.018981;0.029735
0.015647;0.027183
0.012744;0.024754
0.010217;0.022426
0.008018;0.020182
0.006114;0.018006
0.004480;0.015884
0.003099;0.013807
0.001960;0.011766
0.001056;0.009759
0.000385;0.007787
-0.000057;0.005856
-0.000273;0.003976
-0.000274;0.002141
-0.000054;0.000284
0.000411;-0.001602
0.001136;-0.003482
0.002134;-0.005333
0.003406;-0.007134
0.004952;-0.008869
0.006768;-0.010533
0.008859;-0.012127
0.011232;-0.013655
0.013907;-0.015124
0.016914;-0.016540
0.020296;-0.017911
0.024109;-0.019241
0.028426;-0.020534
0.033343;-0.021792
0.038975;-0.023012
0.045462;-0.024186
0.052960;-0.025298
0.061619;-0.026325
0.071550;-0.027233
0.082787;-0.027986
0.095260;-0.028552
0.108809;-0.028911
0.123228;-0.029059
0.138318;-0.029010
0.153914;-0.028784
0.169894;-0.028403
0.186170;-0.027893
0.202684;-0.027276
0.219390;-0.026575
0.236257;-0.025807
0.253256;-0.024992
0.270361;-0.024144
0.287538;-0.023281
0.304732;-0.022417
0.321895;-0.021565
0.339014;-0.020738
0.356089;-0.019942
0.373135;-0.019185
0.390192;-0.018475
0.407317;-0.017797
0.424497;-0.017125
0.441699;-0.016436
0.458933;-0.015731
0.476198;-0.015017
0.493480;-0.014298
0.510766;-0.013579
0.528043;-0.012863
0.545304;-0.012155
0.562545;-0.011456
0.579767;-0.010771
0.596974;-0.010101
0.614165;-0.009449
0.631340;-0.008815
0.648504;-0.008203
0.665657;-0.007613
0.682803;-0.007047
0.699941;-0.006505
0.717072;-0.005989
0.734198;-0.005499
0.751322;-0.005036
0.768443;-0.004600
0.785564;-0.004191
0.802683;-0.003809
0.819803;-0.003456
0.836922;-0.003129
0.854037;-0.002829
0.871141;-0.002555
0.888214;-0.002307
0.905215;-0.002085
0.922059;-0.001888
0.938567;-0.001717
0.954427;-0.001571
0.969167;-0.001452
0.982277;-0.001358
0.993452;-0.001287
0.999833;-0.001249
